corridor11,4,2.53,22.8,2.6,19.8,24.2,19.8,24.2,22.8
doorway111,4,,,,
corridor12,4,11.4,19.8,11.4,16.2,16.9,16.2,16.9,19.8
doorway111,4,,,,
corridor14,4,17.5,19.8,24.2,19.8,24.2,15.9,17.2,16
doorway114,4,,,,
corridor17,4,17.2,16,17.1,12.2,24.1,12.2,24.2,15.9
doorway114,4,,,,
corridor17,4,17.2,16,17.1,12.2,24.1,12.2,24.2,15.9
doorway121,4,,,,
sidewalk1,4,17.1,12.2,24.1,12.2,17.2,2.8,23.7,2.7
doorway121,4,,,,
corridor32,4,37.6,18.1,37.5,15,59.7,14.2,59.7,17
doorway315,4,,,,
corridor33,4,46.3,14.6,46.1,10.9,51.7,10.8,51.8,14.3
doorway315,4,,,,
doorway111,4,,,,
corridor11,4,2.53,22.8,2.6,19.8,24.2,19.8,24.2,22.8
corridor13,4,24.2,22.8,24.2,19.8,35.2,19.8,35.2,22.9
corridor11,4,2.53,22.8,2.6,19.8,24.2,19.8,24.2,22.8
corridor14,4,17.5,19.8,24.2,19.8,24.2,15.9,17.2,16
corridor11,4,2.53,22.8,2.6,19.8,24.2,19.8,24.2,22.8
doorway119,4,,,,
corridor11,4,2.53,22.8,2.6,19.8,24.2,19.8,24.2,22.8
room11,4,2.6,19.8,7.5,19.7,8.4,12.9,3.3,12.9
corridor11,4,2.53,22.8,2.6,19.8,24.2,19.8,24.2,22.8
room119,4,49.6,24,49.6,20.3,51.9,20.4,52,24
corridor11,4,2.53,22.8,2.6,19.8,24.2,19.8,24.2,22.8
room12,4,7.5,19.7,11.4,19.8,11.4,12.7,8.4,12.9
corridor11,4,2.53,22.8,2.6,19.8,24.2,19.8,24.2,22.8
corridor11,4,2.53,22.8,2.6,19.8,24.2,19.8,24.2,22.8
corridor13,4,24.2,22.8,24.2,19.8,35.2,19.8,35.2,22.9
corridor16,4,35.2,22.9,35.2,19.8,46.2,20.2,46.2,23.8
corridor13,4,24.2,22.8,24.2,19.8,35.2,19.8,35.2,22.9
doorway13,4,,,,
corridor13,4,24.2,22.8,24.2,19.8,35.2,19.8,35.2,22.9
doorway14,4,,,,
corridor13,4,24.2,22.8,24.2,19.8,35.2,19.8,35.2,22.9
doorway15,4,,,,
corridor13,4,24.2,22.8,24.2,19.8,35.2,19.8,35.2,22.9
doorway16,4,,,,
corridor13,4,24.2,22.8,24.2,19.8,35.2,19.8,35.2,22.9
doorway18,4,,,,
corridor13,4,24.2,22.8,24.2,19.8,35.2,19.8,35.2,22.9
doorway114,4,,,,
corridor14,4,17.5,19.8,24.2,19.8,24.2,15.9,17.2,16
corridor11,4,2.53,22.8,2.6,19.8,24.2,19.8,24.2,22.8
corridor14,4,17.5,19.8,24.2,19.8,24.2,15.9,17.2,16
doorway111,4,,,,
corridor12,4,11.4,19.8,11.4,16.2,16.9,16.2,16.9,19.8
doorway112,4,,,,
corridor12,4,11.4,19.8,11.4,16.2,16.9,16.2,16.9,19.8
corridor16,4,35.2,22.9,35.2,19.8,46.2,20.2,46.2,23.8
corridor15,4,46.4,12.8,49.6,12.9,49.6,23.8,46.4,23.8
doorway110,4,,,,
corridor15,4,46.4,12.8,49.6,12.9,49.6,23.8,46.4,23.8
doorway115,4,,,,
corridor15,4,46.4,12.8,49.6,12.9,49.6,23.8,46.4,23.8
doorway116,4,,,,
corridor15,4,46.4,12.8,49.6,12.9,49.6,23.8,46.4,23.8
doorway117,4,,,,
corridor15,4,46.4,12.8,49.6,12.9,49.6,23.8,46.4,23.8
doorway19,4,,,,
corridor15,4,46.4,12.8,49.6,12.9,49.6,23.8,46.4,23.8
corridor13,4,24.2,22.8,24.2,19.8,35.2,19.8,35.2,22.9
corridor16,4,35.2,22.9,35.2,19.8,46.2,20.2,46.2,23.8
corridor15,4,46.4,12.8,49.6,12.9,49.6,23.8,46.4,23.8
corridor16,4,35.2,22.9,35.2,19.8,46.2,20.2,46.2,23.8
doorway17,4,,,,
corridor16,4,35.2,22.9,35.2,19.8,46.2,20.2,46.2,23.8
room120,4,34.8,33.2,35.2,22.9,42.6,23.8,42.4,33.4
corridor16,4,35.2,22.9,35.2,19.8,46.2,20.2,46.2,23.8
corridor16,4,35.2,22.9,35.2,19.8,46.2,20.2,46.2,23.8
doorway17,4,,,,
room17,4,31.6,19.8,39.1,20,39.1,8.7,31.6,8.7
doorway17,4,,,,
corridor16,4,35.2,22.9,35.2,19.8,46.2,20.2,46.2,23.8
room120,4,34.8,33.2,35.2,22.9,42.6,23.8,42.4,33.4
doorway114,4,,,,
corridor17,4,17.2,16,17.1,12.2,24.1,12.2,24.2,15.9
doorway121,4,,,,
corridor17,4,17.2,16,17.1,12.2,24.1,12.2,24.2,15.9
corridor22,4,69.5,15.1,69.2,11.9,80.7,11.5,81,14.5
corridor21,4,80.7,11.5,81,14.5,95.6,13.2,95.4,10.5
corridor211,4,88,11,91.3,10.6,91,7,87.7,7.2
corridor21,4,80.7,11.5,81,14.5,95.6,13.2,95.4,10.5
corridor21,4,80.7,11.5,81,14.5,95.6,13.2,95.4,10.5
corridor22,4,69.5,15.1,69.2,11.9,80.7,11.5,81,14.5
corridor24,4,59.2,15,69.5,15.1,69.2,11.9,59.1,12
corridor22,4,69.5,15.1,69.2,11.9,80.7,11.5,81,14.5
corridor29,4,9.4,14.8,23.7,15.3,23.7,12.4,9.6,11.8
corridor210,4,1.78,14.3,9.4,14.8,9.6,11.8,1.8,11.4
corridor21,4,80.7,11.5,81,14.5,95.6,13.2,95.4,10.5
corridor211,4,88,11,91.3,10.6,91,7,87.7,7.2
corridor22,4,69.5,15.1,69.2,11.9,80.7,11.5,81,14.5
corridor24,4,59.2,15,69.5,15.1,69.2,11.9,59.1,12
corridor23,4,66.8,15.1,66.9,22.3,69.4,22.3,69.5,15.1
corridor24,4,59.2,15,69.5,15.1,69.2,11.9,59.1,12
corridor26,4,44.8,15.1,59.2,15,59.1,12,44.7,12.2
corridor24,4,59.2,15,69.5,15.1,69.2,11.9,59.1,12
corridor24,4,59.2,15,69.5,15.1,69.2,11.9,59.1,12
corridor23,4,66.8,15.1,66.9,22.3,69.4,22.3,69.5,15.1
corridor24,4,59.2,15,69.5,15.1,69.2,11.9,59.1,12
corridor26,4,44.8,15.1,59.2,15,59.1,12,44.7,12.2
corridor25,4,53.9,12,59.1,12,59.2,8.4,53.7,8.5
corridor26,4,44.8,15.1,59.2,15,59.1,12,44.7,12.2
corridor27,4,31.4,16,44.7,15.9,44.6,11.5,31.4,11.7
corridor26,4,44.8,15.1,59.2,15,59.1,12,44.7,12.2
corridor26,4,44.8,15.1,59.2,15,59.1,12,44.7,12.2
corridor25,4,53.9,12,59.1,12,59.2,8.4,53.7,8.5
corridor26,4,44.8,15.1,59.2,15,59.1,12,44.7,12.2
corridor27,4,31.4,16,44.7,15.9,44.6,11.5,31.4,11.7
corridor28,4,23.7,15.3,31.4,15.4,31.4,11.7,23.7,12.4
corridor27,4,31.4,16,44.7,15.9,44.6,11.5,31.4,11.7
corridor27,4,31.4,16,44.7,15.9,44.6,11.5,31.4,11.7
corridor28,4,23.7,15.3,31.4,15.4,31.4,11.7,23.7,12.4
corridor29,4,9.4,14.8,23.7,15.3,23.7,12.4,9.6,11.8
corridor28,4,23.7,15.3,31.4,15.4,31.4,11.7,23.7,12.4
corridor210,4,1.78,14.3,9.4,14.8,9.6,11.8,1.8,11.4
corridor29,4,9.4,14.8,23.7,15.3,23.7,12.4,9.6,11.8
corridor28,4,23.7,15.3,31.4,15.4,31.4,11.7,23.7,12.4
corridor29,4,9.4,14.8,23.7,15.3,23.7,12.4,9.6,11.8
corridor32,4,37.6,18.1,37.5,15,59.7,14.2,59.7,17
corridor31,4,59.7,17,59.7,14.2,88.4,13.5,88.3,16.5
corridor34,4,59.8,24.4,59.7,17,62,17,62.1,24.3
corridor31,4,59.7,17,59.7,14.2,88.4,13.5,88.3,16.5
corridor39,4,73.8,16.8,88.3,16.5,88.4,13.5,73.6,13.6
corridor31,4,59.7,17,59.7,14.2,88.4,13.5,88.3,16.5
doorway33,4,,,,
corridor31,4,59.7,17,59.7,14.2,88.4,13.5,88.3,16.5
doorway34,4,,,,
corridor31,4,59.7,17,59.7,14.2,88.4,13.5,88.3,16.5
doorway36,4,,,,
corridor31,4,59.7,17,59.7,14.2,88.4,13.5,88.3,16.5
doorway37,4,,,,
corridor31,4,59.7,17,59.7,14.2,88.4,13.5,88.3,16.5
doorway315,4,,,,
corridor32,4,37.6,18.1,37.5,15,59.7,14.2,59.7,17
corridor31,4,59.7,17,59.7,14.2,88.4,13.5,88.3,16.5
corridor32,4,37.6,18.1,37.5,15,59.7,14.2,59.7,17
corridor36,4,24.4,19.3,24.3,14.7,37.3,14.3,37.6,18.7
corridor32,4,37.6,18.1,37.5,15,59.7,14.2,59.7,17
doorway310,4,,,,
corridor32,4,37.6,18.1,37.5,15,59.7,14.2,59.7,17
doorway311,4,,,,
corridor32,4,37.6,18.1,37.5,15,59.7,14.2,59.7,17
doorway38,4,,,,
corridor32,4,37.6,18.1,37.5,15,59.7,14.2,59.7,17
doorway39,4,,,,
corridor32,4,37.6,18.1,37.5,15,59.7,14.2,59.7,17
corridor31,4,59.7,17,59.7,14.2,88.4,13.5,88.3,16.5
corridor34,4,59.8,24.4,59.7,17,62,17,62.1,24.3
doorway314,4,,,,
corridor34,4,59.8,24.4,59.7,17,62,17,62.1,24.3
doorway315,4,,,,
corridor33,4,46.3,14.6,46.1,10.9,51.7,10.8,51.8,14.3
doorway316,4,,,,
corridor33,4,46.3,14.6,46.1,10.9,51.7,10.8,51.8,14.3
corridor39,4,73.8,16.8,88.3,16.5,88.4,13.5,73.6,13.6
corridor35,4,80.9,13.6,80.8,9.71,84.3,9.83,84.4,13.5
doorway317,4,,,,
corridor35,4,80.9,13.6,80.8,9.71,84.3,9.83,84.4,13.5
room318,4,80.8,9.71,80.8,2.26,87.3,2.13,87,9.67
corridor35,4,80.9,13.6,80.8,9.71,84.3,9.83,84.4,13.5
corridor32,4,37.6,18.1,37.5,15,59.7,14.2,59.7,17
corridor36,4,24.4,19.3,24.3,14.7,37.3,14.3,37.6,18.7
corridor37,4,23.6,18.5,23.7,15.4,24.3,15.4,24.3,18.5
corridor36,4,24.4,19.3,24.3,14.7,37.3,14.3,37.6,18.7
corridor36,4,24.4,19.3,24.3,14.7,37.3,14.3,37.6,18.7
corridor37,4,23.6,18.5,23.7,15.4,24.3,15.4,24.3,18.5
corridor38,4,17.2,18.3,17.3,14.5,23.6,14.9,23.6,18.5
corridor37,4,23.6,18.5,23.7,15.4,24.3,15.4,24.3,18.5
corridor37,4,23.6,18.5,23.7,15.4,24.3,15.4,24.3,18.5
corridor38,4,17.2,18.3,17.3,14.5,23.6,14.9,23.6,18.5
doorway319,4,,,,
corridor38,4,17.2,18.3,17.3,14.5,23.6,14.9,23.6,18.5
corridor31,4,59.7,17,59.7,14.2,88.4,13.5,88.3,16.5
corridor39,4,73.8,16.8,88.3,16.5,88.4,13.5,73.6,13.6
corridor35,4,80.9,13.6,80.8,9.71,84.3,9.83,84.4,13.5
corridor39,4,73.8,16.8,88.3,16.5,88.4,13.5,73.6,13.6
doorway31,4,,,,
corridor39,4,73.8,16.8,88.3,16.5,88.4,13.5,73.6,13.6
doorway32,4,,,,
corridor39,4,73.8,16.8,88.3,16.5,88.4,13.5,73.6,13.6
doorway35,4,,,,
corridor39,4,73.8,16.8,88.3,16.5,88.4,13.5,73.6,13.6
corridor39,4,73.8,16.8,88.3,16.5,88.4,13.5,73.6,13.6
doorway31,4,,,,
room31,4,81,16.5,87.7,16.5,87.7,31,81,31
doorway31,4,,,,
corridor39,4,73.8,16.8,88.3,16.5,88.4,13.5,73.6,13.6
doorway32,4,,,,
room32,4,73.8,16.5,81,16.5,81,31,73.8,31
doorway32,4,,,,
corridor39,4,73.8,16.8,88.3,16.5,88.4,13.5,73.6,13.6
doorway35,4,,,,
room35,4,73.6,13.6,80.9,13.6,80.8,2.26,73.6,2.26
doorway35,4,,,,
corridor15,4,46.4,12.8,49.6,12.9,49.6,23.8,46.4,23.8
doorway110,4,,,,
room110,4,46.4,12.8,49.6,12.9,49.6,16,46.4,16
doorway110,4,,,,
doorway110,4,,,,
room110,4,46.4,12.8,49.6,12.9,49.6,16,46.4,16
corridor12,4,11.4,19.8,11.4,16.2,16.9,16.2,16.9,19.8
doorway112,4,,,,
elevator1,4,0.0,0.0,0.0,0.0,0.0,0.0,0.0,0.0
doorway112,4,,,,
elevator2,4,0.0,0.0,0.0,0.0,0.0,0.0,0.0,0.0
doorway113,4,,,,
sidewalk4,4,53.8,24,53.4,8.7,61.5,8.4,63,24.9
doorway113,4,,,,
doorway113,4,,,,
elevator2,4,0.0,0.0,0.0,0.0,0.0,0.0,0.0,0.0
doorway115,4,,,,
elevator2,4,0.0,0.0,0.0,0.0,0.0,0.0,0.0,0.0
doorway317,4,,,,
elevator2,4,0.0,0.0,0.0,0.0,0.0,0.0,0.0,0.0
corridor15,4,46.4,12.8,49.6,12.9,49.6,23.8,46.4,23.8
doorway115,4,,,,
elevator2,4,0.0,0.0,0.0,0.0,0.0,0.0,0.0,0.0
doorway115,4,,,,
corridor15,4,46.4,12.8,49.6,12.9,49.6,23.8,46.4,23.8
doorway116,4,,,,
room116,4,49.6,17.3,49.6,14,51.9,14,51.9,17.3
doorway116,4,,,,
doorway116,4,,,,
room116,4,49.6,17.3,49.6,14,51.9,14,51.9,17.3
corridor15,4,46.4,12.8,49.6,12.9,49.6,23.8,46.4,23.8
doorway117,4,,,,
room117,4,49.6,14,49.6,12.9,51.9,12.9,51.9,14
doorway117,4,,,,
doorway117,4,,,,
room117,4,49.6,14,49.6,12.9,51.9,12.9,51.9,14
corridor11,4,2.53,22.8,2.6,19.8,24.2,19.8,24.2,22.8
doorway119,4,,,,
doorway121,4,,,,
sidewalk1,4,17.1,12.2,24.1,12.2,17.2,2.8,23.7,2.7
sidewalk2,4,24,18.46,23.7,2.7,53.4,8.7,53.4,3.1
sidewalk1,4,17.1,12.2,24.1,12.2,17.2,2.8,23.7,2.7
corridor13,4,24.2,22.8,24.2,19.8,35.2,19.8,35.2,22.9
doorway13,4,,,,
room13,4,24.2,22.8,27.8,23,27.8,26.7,24.2,26.7
doorway13,4,,,,
doorway13,4,,,,
room13,4,24.2,22.8,27.8,23,27.8,26.7,24.2,26.7
corridor13,4,24.2,22.8,24.2,19.8,35.2,19.8,35.2,22.9
doorway14,4,,,,
room14,4,27.8,23,31.9,22.9,31.9,26.7,27.8,26.7
doorway14,4,,,,
doorway14,4,,,,
room14,4,27.8,23,31.9,22.9,31.9,26.7,27.8,26.7
corridor13,4,24.2,22.8,24.2,19.8,35.2,19.8,35.2,22.9
doorway15,4,,,,
room15,4,31.9,22.9,35.2,22.9,35.1,26.7,31.9,26.7
doorway15,4,,,,
doorway15,4,,,,
room15,4,31.9,22.9,35.2,22.9,35.1,26.7,31.9,26.7
corridor13,4,24.2,22.8,24.2,19.8,35.2,19.8,35.2,22.9
doorway16,4,,,,
room16,4,24.2,19.8,31.6,19.8,31.6,8.7,24.2,8.7
doorway16,4,,,,
doorway16,4,,,,
room16,4,24.2,19.8,31.6,19.8,31.6,8.7,24.2,8.7
doorway17,4,,,,
room17,4,31.6,19.8,39.1,20,39.1,8.7,31.6,8.7
corridor13,4,24.2,22.8,24.2,19.8,35.2,19.8,35.2,22.9
doorway18,4,,,,
room18,4,39.1,20,46.2,20,46.2,8.7,39.1,8.7
doorway18,4,,,,
doorway18,4,,,,
room18,4,39.1,20,46.2,20,46.2,8.7,39.1,8.7
corridor15,4,46.4,12.8,49.6,12.9,49.6,23.8,46.4,23.8
doorway19,4,,,,
room19,4,71.4,27.3,73.8,27.4,73.8,25.7,71.5,25.7
doorway19,4,,,,
doorway19,4,,,,
room19,4,71.4,27.3,73.8,27.4,73.8,25.7,71.5,25.7
doorway31,4,,,,
room31,4,81,16.5,87.7,16.5,87.7,31,81,31
corridor32,4,37.6,18.1,37.5,15,59.7,14.2,59.7,17
doorway310,4,,,,
room310,4,38.3,18.1,45.1,17.7,45.1,24.4,38.3,24.4
doorway310,4,,,,
doorway310,4,,,,
room310,4,38.3,18.1,45.1,17.7,45.1,24.4,38.3,24.4
corridor32,4,37.6,18.1,37.5,15,59.7,14.2,59.7,17
doorway311,4,,,,
room311,4,51.8,14.3,59.7,14.2,59.7,2.26,51.8,2.26
doorway311,4,,,,
doorway311,4,,,,
room311,4,51.8,14.3,59.7,14.2,59.7,2.26,51.8,2.26
corridor34,4,59.8,24.4,59.7,17,62,17,62.1,24.3
doorway314,4,,,,
room314,4,59.8,24.4,66.3,24.4,66.3,31,59.8,31
doorway314,4,,,,
doorway314,4,,,,
room314,4,59.8,24.4,66.3,24.4,66.3,31,59.8,31
corridor33,4,46.3,14.6,46.1,10.9,51.7,10.8,51.8,14.3
doorway316,4,,,,
elevator1,4,0.0,0.0,0.0,0.0,0.0,0.0,0.0,0.0
doorway316,4,,,,
doorway112,4,,,,
elevator1,4,0.0,0.0,0.0,0.0,0.0,0.0,0.0,0.0
doorway316,4,,,,
elevator1,4,0.0,0.0,0.0,0.0,0.0,0.0,0.0,0.0
corridor35,4,80.9,13.6,80.8,9.71,84.3,9.83,84.4,13.5
doorway317,4,,,,
elevator2,4,0.0,0.0,0.0,0.0,0.0,0.0,0.0,0.0
doorway317,4,,,,
corridor38,4,17.2,18.3,17.3,14.5,23.6,14.9,23.6,18.5
doorway319,4,,,,
room319,4,2.89,29.1,17,29.4,3.08,14.9,16.8,15
doorway319,4,,,,
doorway319,4,,,,
room319,4,2.89,29.1,17,29.4,3.08,14.9,16.8,15
doorway32,4,,,,
room32,4,73.8,16.5,81,16.5,81,31,73.8,31
corridor31,4,59.7,17,59.7,14.2,88.4,13.5,88.3,16.5
doorway33,4,,,,
room33,4,66.3,16.5,73.8,16.5,73.8,31,66.3,31
doorway33,4,,,,
doorway33,4,,,,
room33,4,66.3,16.5,73.8,16.5,73.8,31,66.3,31
corridor31,4,59.7,17,59.7,14.2,88.4,13.5,88.3,16.5
doorway34,4,,,,
room34,4,62.1,24.3,62,17,66.3,16.5,66.3,24.3
doorway34,4,,,,
doorway34,4,,,,
room34,4,62.1,24.3,62,17,66.3,16.5,66.3,24.3
doorway35,4,,,,
room35,4,73.6,13.6,80.9,13.6,80.8,2.26,73.6,2.26
corridor31,4,59.7,17,59.7,14.2,88.4,13.5,88.3,16.5
doorway36,4,,,,
room36,4,66.5,13.6,73.6,13.6,73.6,2.26,66.5,2.26
doorway36,4,,,,
doorway36,4,,,,
room36,4,66.5,13.6,73.6,13.6,73.6,2.26,66.5,2.26
corridor31,4,59.7,17,59.7,14.2,88.4,13.5,88.3,16.5
doorway37,4,,,,
room37,4,59.7,14.2,66.5,13.6,66.5,2.26,59.7,2.26
doorway37,4,,,,
doorway37,4,,,,
room37,4,59.7,14.2,66.5,13.6,66.5,2.26,59.7,2.26
corridor32,4,37.6,18.1,37.5,15,59.7,14.2,59.7,17
doorway38,4,,,,
room38,4,52.4,17.4,59.7,17,59.8,24.4,52.4,24.4
doorway38,4,,,,
doorway38,4,,,,
room38,4,52.4,17.4,59.7,17,59.8,24.4,52.4,24.4
corridor32,4,37.6,18.1,37.5,15,59.7,14.2,59.7,17
doorway39,4,,,,
room39,4,45.1,17.7,52.4,17.4,52.4,24.4,45.1,24.4
doorway39,4,,,,
doorway39,4,,,,
room39,4,45.1,17.7,52.4,17.4,52.4,24.4,45.1,24.4
corridor11,4,2.53,22.8,2.6,19.8,24.2,19.8,24.2,22.8
room11,4,2.6,19.8,7.5,19.7,8.4,12.9,3.3,12.9
corridor11,4,2.53,22.8,2.6,19.8,24.2,19.8,24.2,22.8
room119,4,49.6,24,49.6,20.3,51.9,20.4,52,24
corridor11,4,2.53,22.8,2.6,19.8,24.2,19.8,24.2,22.8
room12,4,7.5,19.7,11.4,19.8,11.4,12.7,8.4,12.9
corridor35,4,80.9,13.6,80.8,9.71,84.3,9.83,84.4,13.5
room318,4,80.8,9.71,80.8,2.26,87.3,2.13,87,9.67
sidewalk1,4,17.1,12.2,24.1,12.2,17.2,2.8,23.7,2.7
sidewalk2,4,24,18.46,23.7,2.7,53.4,8.7,53.4,3.1
sidewalk3,3,53.4,8.7,53.4,3.1,61.5,8.4
sidewalk2,4,24,18.46,23.7,2.7,53.4,8.7,53.4,3.1
sidewalk2,4,24,18.46,23.7,2.7,53.4,8.7,53.4,3.1
sidewalk3,3,53.4,8.7,53.4,3.1,61.5,8.4
sidewalk4,4,53.8,24,53.4,8.7,61.5,8.4,63,24.9
sidewalk3,3,53.4,8.7,53.4,3.1,61.5,8.4
doorway113,4,,,,
sidewalk4,4,53.8,24,53.4,8.7,61.5,8.4,63,24.9
sidewalk3,3,53.4,8.7,53.4,3.1,61.5,8.4
sidewalk4,4,53.8,24,53.4,8.7,61.5,8.4,63,24.9
